function [Y,Xf,Af] = DeepLearningK(X)
% ===== NEURAL NETWORK CONSTANTS =====

% Input 1
x1_step1.xoffset = [1;1;0];
x1_step1.gain = [1;0.5;0.0940530733259659];
x1_step1.ymin = -1;

% Layer 1
b1 = [11.283336065587175057;10.83883272579806345;-10.819478833723660927;10.997724175765762666;10.983905809051453417;-10.952055162693323354;11.283709395339565518;-10.490307086812070025;-10.988779854229294486;-10.960236497530001287;-10.703269803783181047;10.736569474206394403;-10.568814725357800199;-10.754248551308918991;-10.501122407123901326;-10.751653200458878956;10.14930572429736344;10.303374386680905772;-10.532726285401666999;10.21554415313994113;-10.360659120645262732;9.8601249075089327789;10.417449300538832446;-9.9947241297620621481;10.157668302223255452;-9.8270896215523464434;-10.080073638553535886;10.171608228646443095;9.9395029597439137348;-9.9447468695527767579;9.7065660369937241114;9.7849848662313938519;9.7785987304791746055;9.7386494889549286569;9.4806676233955116118;9.8204186965305311219;9.5213068616661580279;-9.432947136811746347;-9.3634433534952883349;-9.663564542296043669;-9.2509310676244247418;-8.9672662706626713458;9.1541378865922826691;8.9760498097988534738;8.9789718239882052586;9.0914112220051261914;8.9159269903677316194;8.944716430348375269;-9.2051170611085826323;8.6673024694413332014;8.5950260024578781781;8.8913838288557229816;8.9437581503478931211;-9.0556943329285015665;-8.4492065495166226441;-8.7777579594181993627;8.5283474962936178798;8.4969590398306582557;8.871570950306624681;8.2776425068112047256;-8.7163345446581921294;-7.8697100584494972253;-8.3542031583071718615;8.1871945838568169762;-8.4205575011663409413;-8.4186860510125782753;-8.3061572642861332127;8.2518508354316644215;8.2247129528284190769;-8.0895983863058216201;7.9800414375235959596;-8.1178526650817364185;7.2404857610407793445;-7.8672594645480495856;-7.7685675481973586187;7.7034674358886849888;4.4882321376090557052;7.288881185539835883;-7.5530434697803849886;7.1707511304946152109;-7.4048623082045699206;7.5923416161815664438;-7.4414063959050782415;7.1287157519219022106;-7.3430513887005588458;7.5377633158073127362;-7.493226891564010117;-6.9118053555686209677;7.4166016421237355161;7.1866319478734244086;-6.911087426181043547;6.9698290755731600044;-6.8373035958532550893;7.0345722528264005291;-6.926611189892738274;-6.9740267012442256345;6.9614008878783879553;6.7856270897141319765;6.7467844430748815654;-6.701701560653368972;-6.466957384977593648;6.363409621257082982;-6.3209650635680096897;-6.8436818857185279796;6.6244332616944134884;-5.5380943985704771393;5.5810790953840685447;6.0999723280421607186;-6.5268541236262089811;6.1219711595561490114;-6.1144210375353482689;6.0348744977887109897;-5.5572292459375072227;-5.8960639260535723238;6.0410454692757955542;6.2192886560141262819;5.7889802547898243645;-6.1842352751572358116;5.9424561340738639714;-6.0089160632054490208;5.5308974342919619005;5.6389855734704781298;-5.4443919608828252876;-6.1540189419149236016;-5.3920540671896004525;-5.212427675233827884;-6.0942514417188489162;5.2279946716583376443;-5.6243367734189684271;-5.8564803975385588686;5.5969902939366020789;5.1493607758922204098;4.9533321719671654648;5.3393138882679664903;5.147813113649841732;-4.2959538041699500965;4.60120547419852155;4.90431106013597784;4.9679384232831713675;-5.1858781923296115579;-6.0617869821858016977;-5.2490726842624999549;4.8459814280241229056;4.8951541865921317509;4.4841326239900531903;-4.5557967532850405235;-4.985874884584022837;4.404007545106761512;-4.5995896195379613047;4.7449310494017495898;-4.9011187690719228982;4.4597877478719984978;4.4523869452403443958;4.2570301506700376493;-4.5251701906001295939;4.1195621008484195613;4.4662019229663467712;3.9358229431768259055;4.1782584759394936214;3.9752968983305470019;-3.8487601756703053724;-4.0280764316758448373;4.2676736117420741579;3.7220782508337859618;4.1655109308503837084;-3.8148899114485974593;3.8032616056193915277;-3.506506223112198839;3.4826179599571784884;-3.8553034299439805643;-3.2765744554490767726;-3.4289509055067886045;-3.3886380906697151083;-3.6479689002849191581;3.3661158650371856282;-3.7026974470234255143;-3.3660572032178235347;3.4366524347840470277;-3.1330437329577698335;-2.9182101812475074176;2.2742792606255526344;3.1354459593178329868;-2.7057934337426274851;3.2450311844622934387;2.7511128583825903426;2.3929465041201773978;2.7441775888845878484;-2.8485205141293916675;-3.4288009846196159103;2.5730742928727936558;-2.7608058880243411259;-3.6178457925249798421;-2.5946779514831046498;-2.5743879482161982075;2.4922465944073870503;-2.5876116563506696977;2.5218500289335867848;-2.4111204889840931465;-2.6813404044744602039;2.2536420170045552425;-1.9872090420792509757;-1.8274532620936503324;-2.0366374569679868145;-2.3267329627356336808;-2.5006135106145475078;2.0559486484193265632;2.4786925689230119296;1.8391763675814549739;-1.6850763038667750937;1.8728370518785162346;-1.4598245046250608592;-1.8288055340586646391;1.2212008220777879064;-1.7200922354036745077;1.4382435598044427394;-1.035486353234494894;-0.9453060317294028625;1.693547848342680906;1.6031957287916427379;-1.5436748681943974759;-1.295487214511213292;1.2330104243545645382;-1.3987700746358469051;-1.4668039742620919696;-1.2431365604054660512;1.1829056942090541149;0.97693628984807356908;-0.72870393054098003827;-0.46912797169851783163;-0.48636559790674088744;1.2117079534385055695;-0.59124066941661523877;-0.96030730752380089044;0.56704725872850469948;-1.0350644650673361813;0.55074543118036367595;0.64571192396897147958;-0.57269691104953179828;-0.5671617196794884741;0.40887581843014642047;0.2373944282773706449;-0.23546550989238335116;0.2140022314395951808;1.0460582917777647705;-0.40976905127251334049;0.040515376617534452908;0.49790151353485029295;0.19707994349119609123;-0.1158651354812450518;-0.072993112793272280081;0.46948517364288322451;0.14710411096430903166;-0.16025570473667646865;-0.31279236068958010675;0.50613696131280405677;-0.18243276352337414736;-0.63181854610050136589;-0.38746795223642654937;-0.33307063117855306711;-0.047053181982890053547;-0.40331801945288237032;-0.50953598574853253833;0.56994032332076782765;0.30802311572139123852;0.81783935141146490988;-0.66881360505837739172;-1.0181946062386317831;1.2934271807933883647;-1.2788172457853488329;-0.97654066470700362501;-1.285572941996108387;-2.1786183240254657356;-0.78404766939771630696;1.0286031131827781948;1.0550876843484060519;-1.3555780530030716591;1.6048802217060711417;-1.6316276706992327572;0.3564766032507189486;-1.461993051473664984;1.5744909770444590613;-1.8840968466382428392;0.97183607217817291613;1.6806603323027520247;1.7910214656184231252;1.9830242856566524523;-1.7717126635540765278;1.8291316114867366416;1.4243429484253691264;-1.952192395682745607;-1.8743987569670619298;1.6779273045471154724;-2.267600296267353599;1.7147902355363420224;-1.7392659336144833393;2.277427916855642831;2.1542142939197486129;2.1649461816727892938;2.1649833379604888073;2.2976242655350840316;2.3247593219739068893;-2.1954191246114809211;-1.878144298103800347;-2.6935105573078894636;2.4047372509460718248;2.1680361073352498735;2.5541126016435091728;2.8570311004140380717;1.8702504136857323047;-2.1181595432875486296;2.7439744998464150605;3.1419765720100372164;2.5285532137120414475;2.3013553286025225653;-3.7274922534326289103;-2.8973883957971571235;3.8667604206670627143;-3.3025705553394240077;2.7897282150572078052;-3.2481384049998225372;3.4479836201642326543;3.0941374266417591699;3.3904270191902705633;-3.6948049419544788385;3.6293032832933529441;-3.2763202517771232714;-2.814815410687258268;3.7963455619264547813;3.5434380433384440323;-3.5243923895949627045;-3.5381957206619407685;-3.3030835478736699784;-3.7389895598489921724;-3.662122280997313517;-3.2953238462612919335;3.5018284858670263304;4.1139709368671972811;-4.2667739715652261978;3.9364499618476727072;3.6892475792347272368;-3.9165906596431749875;4.0247734104659134147;4.2006580802298625343;-4.3903978183099692245;-4.4706699706207482237;-4.6081656327071867096;