function [Y,Xf,Af] = DeepLearningP(X)


% ===== NEURAL NETWORK CONSTANTS =====

% Input 1
x1_step1.xoffset = [1;1;0];
x1_step1.gain = [1;0.5;0.0940530733259659];
x1_step1.ymin = -1;

% Layer 1
b1 = [-7.5024909655859088886;10.489801477573113431;5.7041538336714934232;5.6368976137901745105;-6.1264458793578588924;-6.1132673988762382677;5.501039388258897489;-5.0307902746607373601;6.3117710819317505155;6.279320947965219446;5.2533812344851638088;-5.2606963294597335334;-5.1585126014450528587;-5.0306417714483320225;5.7974115710321356687;5.4354584141709896272;5.2325426302387159083;4.0418834706089805664;4.2727983341982431753;3.8946865035650435338;3.9347161727826329702;3.657442037820649805;3.2804014404430699159;2.910675277221842272;-3.1380641720315161081;3.1205447816101496983;2.847777025120289629;2.952183704128835906;3.6846665516355678882;1.8748515070174245345;-2.249327167597900079;2.0199185730454671805;-1.5347765610462589247;1.0520447969371442554;2.6537450056640556895;2.8049695287556137835;-1.5985823323359127368;0.64124853674739790144;-1.6607663673316297448;1.386720175630042684;1.0393756142948564758;-0.93055714903052366704;1.0024042029748092553;1.3195998505825725644;1.3590654099555217194;-0.66543985012391215772;-0.71565343727964358944;-0.55053354613732430334;-0.99365932483855290425;-0.3472449381604065799;0.24672858732721414388;0.49166834717022600554;-1.4290966860806726402;0.24931488679161781241;-0.48131523432262396378;1.198743902848187437;1.2596383818970391388;-1.0631386902005028894;1.5880798334564465435;-0.96394915055191310316;1.2207681999779107507;-0.92095702935505741049;-1.5944155291772621474;-2.3726653202666958542;2.2794065900208395625;-2.6328840822166372782;-1.4692025401334605217;-1.9710626138318725342;2.3116476284314884104;2.2782389202830737318;2.5555061571022257283;-3.6814473288421538655;-3.6956609100611772512;2.3238790603006291846;-3.6274351371138982003;-3.517499155656081733;-4.0079983353416634984;-3.5684837282847823303;-3.8737333698051226172;4.0458730633149295741;3.282380930238420369;3.4220381568326030397;-4.1537465433609588317;-4.8772846546256936051;4.4610944491500967857;4.4907931528790951958;-5.3903142043121858862;-4.359564679314098079;-5.7454437315358930505;-4.9651974729813108667;5.5280365922599266071;-5.2756444574297676198;-6.2994455655122392201;6.2918713680160927026;-6.0967219255163351832;-6.8029852818722114094;-5.8505485520207693995;6.1259760159808687163;6.6414072201163438791;-7.1605470776664423838];
IW1_1 = [5.2983893946680256093 0.67578152188884588192 -1.2496220847358794348;0.49048649650694975399 -0.33330922904608573099 8.7678062632960731548;-3.4186471665253810315 -3.2795442006552297798 -2.9974180497785560817;-0.84305466709983634122 5.3415619250586949818 -0.25230517583653522262;1.8154086721186826203 5.0810579147927379395 -3.1099924576355006955;3.6113819505134276966 2.8962780843637192518 -3.6881058153173698066;-2.6783584226271583972 5.07056207752740562 -3.1001133345070503999;0.94211529071895661058 -3.5640994499307989685 -2.8707825867068041958;-3.8339555768972930494 -3.6189980027806454288 -3.3002772265765845106;-0.39732930064175003837 -0.2287792598712203862 6.4725942222713630514;-4.1580057776295040739 -2.4415729101852243765 3.8658023960201362001;3.5500424317274248409 -5.1603442376405475045 -0.9731333789740432838;5.5260553399677956321 1.0250229676796562828 2.3622545929609204407;3.0324118634280474716 1.2840228753696194541 -4.7807288787645436656;0.34402707425285150578 -0.93054764933586797682 5.3168556367783059713;-4.6536560161688589332 0.33516467337137145766 2.5524301225695560369;-4.1418567279691878014 -2.4298979861267153701 3.8514414539854797681;-0.55297283612672987196 0.66342805185347875074 4.1260645309894741217;-5.7247284828917672783 -2.1458530593815035026 1.9475850723033021339;-1.8832792998693950182 0.50540363848933023139 4.256973155033745293;-0.91424882879382540768 -2.8877159252873108031 -5.6671258134510971161;-2.9794909225114700746 4.9539472227142766769 -2.9490091525056025823;-4.0745207882967919844 -4.2698927696242776619 2.9703980218682399794;-2.4833324900119815304 -5.9791849113772261859 1.9504796980305567633;3.7532869341994850032 5.2326927940514273985 0.008939503905624750224;-1.2365587709136629524 2.7481700464546912066 2.5364009719143605359;-2.71700937625879968 -2.6624324377843016087 4.6389378017784599351;-2.4062792234713494821 -5.7550778822321930761 1.0680168978829824855;0.11905426614542005681 -1.4948933641614052803 4.090334395273128365;-0.76423883484746657491 -6.1313459646201637909 2.4976250421682526515;5.0063009756853746879 2.4188382254980029806 -3.4891974495649464849;-3.8678907771090464962 4.4096377103660682195 -2.9839715783863605125;3.3860808339699635106 2.7445271203289767215 5.0030693459953541335;-2.5888864325275280365 -1.3306004722431310494 -4.5476490485118405971;-3.7968486310328986022 -2.9884829214210744119 -2.6655020765290498019;-3.2954850226413032743 0.61974311433320039555 4.6329369674471188034;2.0107624979284848266 5.8698400619653536836 -1.4201541869124512107;-1.9986949001091833811 -3.1514990013988852802 -4.8630840516602500401;1.4160354937111103713 -2.3837864712595866479 -2.2330487369167264511;-2.6519148451250900145 -1.6100119225798736888 -5.8762834934828598321;-4.3864030371626263616 2.1601277279781538887 -3.9619132785981840961;3.0932642513715822297 -4.3686082508966821436 3.6153201624328867858;-4.1232831960749765088 4.2035866789937106347 0.62719348133511521048;-2.236420801067714681 2.0312580273187719193 5.287856043571125042;-0.15276677232150934205 -3.5613422607832299072 5.2253777438891582108;1.7702983627070723038 -3.3693125497721538864 -3.5212722591926697291;4.9296490030619590783 -4.1913992192171107831 -0.33915174764605859892;1.8865857278540929531 -2.44320128376434198 -1.9928618746430224462;4.1024927432105240399 -4.1852470724413404213 -0.61704213374615768384;0.79310090828034318644 3.8772644367966044854 -4.6960726273394071129;2.8253621969518127877 -4.8056423018010319126 3.0852873593434182453;3.4495822875794797113 -3.4624034846767166584 -2.7746294682431624778;-3.8349414707636970689 1.6467716379281995831 -4.4165954450815094745;2.778098818114517865 -4.7426007676912407263 3.0466549813565526605;-3.2599179613205633288 3.344274935437022922 2.681230246058396105;1.194196830139529375 -5.3859051406080524771 -3.0212678640678882758;0.78195758984605001629 4.184905773550129382 -4.2605136516351063136;-3.7114840946496201468 1.5476453541006116588 4.9504489881206135138;2.042270827963501123 4.3624093539715067536 3.3392429705889883351;-1.7448638036893093783 3.9642151461316017524 3.8558549066255398685;4.7416694294707202317 1.8623670453664102897 3.520908141589882856;-0.53701264063555709249 4.6238229099816656742 4.3858074148311425589;-2.7672330557972242282 2.9961419806260085608 2.4660798737668376823;-2.2940641535753871771 -4.5550210842845757497 3.2324131296675755465;6.0290154183818955858 0.11442891813496780529 -0.97653041344813251712;-4.1083131931770342504 0.92730615832016449751 3.9198709851306401397;-0.90624302295812708685 -0.87290662347637326679 -3.7078306354714150039;-5.8429671132852334381 1.1546955517024628524 -2.4577834267522513656;5.7748908268109815367 -0.67353386599740061591 -2.576598575029917626;3.289563737739002125 1.4681963280739627198 5.4677165291841625105;3.68710544773814064 -4.4194864721686561992 2.3242127117937365632;-2.7256185352359576513 -1.7508220760255057691 -5.046069027353563996;-2.9671167606160691044 3.797133384570410719 3.4150890087795762184;2.5909685262013426588 -2.3486966487847196206 -2.0594422150682407668;-1.0367609032082059084 -0.28833444563400434379 -4.430614704177696872;-0.89267481169237750116 -4.2036438107774882766 3.6735258862252542222;-1.956860970342588768 1.4594726539096782858 -5.1386247468511081493;-4.7672853091305400497 -3.5465520702250352691 1.8773582602572698175;-1.0106206259464958208 -4.6603392410923145661 4.049494478097430239;3.3149463395902443175 4.1461562590422706975 -3.4419737592075216881;1.5597120722368595924 -4.7612029890165530333 -4.3131643798507051102;4.0969295751715302245 -2.6692230425595449006 